x_position	y_position	z_position
43.5181	-13.4672	36.2891
38.2482	52.6906	-38.7037
-21.1347	34.3044	-28.3982
6.90719	-2.89783	16.5401
-17.3081	1.68857	57.8445
53.2965	17.4002	27.7678
-45.8617	13.691	-61.8702
-32.8818	-46.4755	38.899
-43.9453	-12.7276	-47.4331
-50.0903	63.8399	-36.0078
1.70764	43.422	14.461
-26.0672	17.6062	3.08763
-0.834903	60.5355	-26.5439
34.7029	3.37871	34.4943
-12.8209	50.1346	-27.7532
-18.9124	39.3672	53.5831
-55.0806	57.5695	3.3381
-53.0149	-39.3763	20.9266
49.9482	-19.3856	-55.737
-61.421	-5.41191	-55.9611
-33.4928	60.2317	51.5249
44.9042	-29.8995	5.06705
-15.9441	33.3296	1.66659
21.4479	4.09651	-59.0187
-7.99381	55.2116	55.1799
28.317	-27.6369	30.4831
17.9641	-18.6535	23.9886
-42.7618	-7.60436	48.6762
42.1007	-21.7202	-34.6453
50.2997	-19.2052	23.8788
58.4026	11.366	20.1745
45.8634	-7.79374	54.211
-13.0055	40.3261	23.6046
52.5971	-2.28995	-36.3629
57.6424	53.7802	-45.0874
48.7583	18.0333	-8.6602
15.3054	-28.0667	36.6223
-24.6421	-6.76448	-35.046
-40.0299	-28.5997	7.16977
-10.7392	-42.2361	52.0286
-50.7964	-47.8975	-0.541334
33.3141	62.0299	55.7289
23.589	-14.9116	31.991
-16.8704	-26.3785	-34.2349
10.8307	-32.6722	-44.5187
29.6793	-47.9779	37.5786
-43.0449	31.3915	-54.4241
57.6414	-57.3146	2.74746
-41.4686	-33.2805	38.0837
29.7651	20.0443	59.7837
17.8578	33.1839	-52.0498
-46.7476	2.56198	-53.9559
-55.0826	-37.785	-4.93148
40.9724	9.40859	32.754
-57.3265	-43.8248	-63.9821
-37.9092	49.9185	-47.896
63.7334	-57.0624	47.4315
-54.7546	-63.485	54.1809
12.0568	-40.8896	-43.1636
-13.9234	52.8116	40.9448
-18.0758	6.73331	10.1927
-6.06161	23.9217	-51.3093
3.91849	32.9031	-25.0303
63.051	9.81149	48.3143
31.741	16.549	-59.4465
31.6949	42.7038	54.408
47.7348	42.3732	61.4097
31.2303	51.6826	61.8607
21.3472	-0.324533	-42.9649
42.2476	49.816	-54.0893
19.1283	-32.1957	16.58
-34.615	25.6786	-23.4343
-21.8603	-34.3389	-54.4672
17.0453	-35.3519	19.4083
1.42359	60.3251	-28.1067
5.91309	28.084	-49.4669
-3.61487	11.8829	56.8424
-6.26919	-20.9508	44.461
-8.34447	-63.5396	-19.7996
12.6267	42.6439	-34.0475
22.4733	-2.16373	-2.30728
-25.0107	27.1573	-40.6926
15.619	-58.767	-10.9675
25.0878	22.2143	17.6166
-19.5678	-40.4261	14.0058
16.2614	29.551	-21.9742
30.7306	-38.1279	53.8447
23.6369	19.5389	-31.0422
4.16188	-52.7416	-30.6458
48.2983	23.8211	-51.9379
-49.8132	-17.7696	9.8344
11.9435	21.2837	-27.0723
35.3149	-27.0332	-21.7754
-39.7166	61.9906	-63.4971
41.964	-21.5132	-39.8592
-8.0942	58.6842	53.6278
33.8676	25.4788	-48.4361
23.7762	-14.8203	35.1668
56.6701	53.2776	46.3613
-37.9117	37.6399	6.11835
43.4921	-13.4153	36.3416
38.2961	52.6904	-38.6939
-21.1778	34.2755	-28.3515
6.90621	-2.90248	16.5848
-17.3086	1.66183	57.8036
53.3201	17.4293	27.7216
-45.8485	13.6901	-61.827
-32.8531	-46.5167	38.8634
-43.9455	-12.7761	-47.4794
-50.1082	63.8175	-35.9526
1.75993	43.4376	14.5041
-26.0265	17.6057	3.06651
-0.848431	60.5559	-26.53
34.6721	3.33406	34.4395
-12.8711	50.1535	-27.7706
-18.9395	39.3456	53.5307
-55.0899	57.6251	3.3488
-53.0449	-39.356	20.9601
49.9466	-19.4294	-55.688
-61.4049	-5.40964	-55.9985
-33.4854	60.2223	51.5671
44.8907	-29.9322	5.04478
-15.9148	33.3473	1.72865
21.4272	4.1474	-59.0653
-8.00523	55.1483	55.2162
28.3521	-27.6633	30.4338
18.0109	-18.6252	23.9308
-42.7683	-7.54209	48.7029
42.0637	-21.7235	-34.5986
50.2477	-19.2564	23.8638
58.3772	11.3862	20.214
45.8163	-7.85115	54.1538
-13.0109	40.3621	23.6291
52.5897	-2.33869	-36.3515
57.6524	53.7841	-45.0752
48.7406	18.0082	-8.61045
15.3024	-28.1089	36.6364
-24.6388	-6.74926	-35.0337
-40.0639	-28.5575	7.11474
-10.7905	-42.1818	51.9863
-50.7988	-47.9326	-0.499509
33.2873	62.0117	55.7774
23.5691	-14.8713	32.0114
-16.9298	-26.4096	-34.1993
10.8468	-32.6291	-44.5432
29.6436	-48.0165	37.593
-43.0949	31.4138	-54.3879
57.6695	-57.353	2.73482
-41.4922	-33.2889	38.0493
29.7505	20.0486	59.7395
17.8649	33.1218	-52.0652
-46.7627	2.53708	-53.9255
-55.1133	-37.7658	-4.92479
41.0261	9.43239	32.7937
-57.3012	-43.8488	-63.9635
-37.9724	49.9228	-47.852
63.7486	-57.0441	47.4338
-54.7673	-63.5026	54.2089
12.0955	-40.8668	-43.208
-13.9832	52.7557	40.9685
-18.1158	6.74854	10.2183
-6.05293	23.8579	-51.3726
3.89356	32.8726	-25.0104
63.0968	9.77068	48.2939
31.7624	16.5975	-59.4269
31.671	42.7531	54.3679
47.691	42.3737	61.4518
31.2528	51.7344	61.8212
21.3337	-0.298153	-42.9177
42.2536	49.8466	-54.034
19.0942	-32.1411	16.5866
-34.5595	25.6779	-23.4275
-21.8041	-34.3005	-54.427
17.0574	-35.3317	19.4717
1.47937	60.3027	-28.0588
5.92451	28.1016	-49.4337
-3.57961	11.9206	56.812
-6.25582	-20.9546	44.4184
-8.30665	-63.4929	-19.7518
12.6477	42.6327	-34.0332
22.4857	-2.14508	-2.30234
-25.0557	27.1674	-40.7524
15.6448	-58.7647	-10.9249
25.0898	22.1647	17.6153
-19.5665	-40.4839	14.046
16.2467	29.5686	-21.9803
30.685	-38.139	53.8123
23.625	19.4772	-31.0143
4.17131	-52.7015	-30.6352
48.2915	23.8182	-51.8745
-49.8697	-17.8241	9.85242
11.956	21.2482	-27.1082
35.3316	-26.979	-21.7449
-39.7214	61.9828	-63.4522
42.0219	-21.4558	-39.8081
-8.06002	58.6629	53.6325
33.8316	25.4759	-48.3785
23.7719	-14.7711	35.2266
56.6296	53.2722	46.3971
-37.8776	37.6917	6.08732
43.4662	-13.3635	36.394
38.3439	52.6902	-38.6842
-21.221	34.2466	-28.3048
6.90525	-2.90714	16.6295
-17.3091	1.63509	57.7627
53.3437	17.4585	27.6754
-45.8353	13.6891	-61.7837
-32.8244	-46.5579	38.8279
-43.9456	-12.8246	-47.5257
-50.1261	63.7951	-35.8973
1.81223	43.4532	14.5472
-25.9858	17.6052	3.04538
-0.861958	60.5762	-26.5161
34.6412	3.28941	34.3848
-12.9213	50.1723	-27.7881
-18.9666	39.324	53.4784
-55.0992	57.6807	3.35949
-53.0749	-39.3357	20.9936
49.945	-19.4733	-55.639
-61.3888	-5.40737	-56.0359
-33.4781	60.2128	51.6093
44.8772	-29.965	5.02251
-15.8854	33.3651	1.79072
21.4065	4.19828	-59.1119
-8.01665	55.085	55.2524
28.3872	-27.6897	30.3844
18.0577	-18.5969	23.8731
-42.7749	-7.47983	48.7295
42.0267	-21.7269	-34.5519
50.1957	-19.3077	23.8488
58.3518	11.4063	20.2536
45.7691	-7.90856	54.0966
-13.0163	40.398	23.6537
52.5824	-2.38744	-36.34
57.6625	53.7879	-45.063
48.7229	17.9832	-8.5607
15.2993	-28.1512	36.6504
-24.6355	-6.73404	-35.0214
-40.098	-28.5153	7.05971
-10.8419	-42.1276	51.944
-50.8011	-47.9678	-0.457684
33.2605	61.9934	55.8258
23.5492	-14.831	32.0318
-16.9891	-26.4406	-34.1637
10.8629	-32.5861	-44.5678
29.6079	-48.0552	37.6074
-43.1448	31.4362	-54.3518
57.6976	-57.3913	2.72218
-41.5158	-33.2973	38.0148
29.7359	20.0528	59.6953
17.8719	33.0597	-52.0805
-46.7778	2.51217	-53.8951
-55.144	-37.7467	-4.91809
41.0798	9.45619	32.8333
-57.2758	-43.8729	-63.9448
-38.0356	49.927	-47.808
63.7638	-57.0258	47.4362
-54.7801	-63.5202	54.2369
12.1341	-40.8441	-43.2525
-14.043	52.6998	40.9923
-18.1557	6.76377	10.2439
-6.04424	23.794	-51.4359
3.86863	32.8421	-24.9906
63.1425	9.72987	48.2736
31.7839	16.646	-59.4072
31.6471	42.8024	54.3277
47.6471	42.3741	61.4939
31.2753	51.7861	61.7817
21.3202	-0.271771	-42.8704
42.2597	49.8772	-53.9786
19.06	-32.0865	16.5932
-34.504	25.6772	-23.4208
-21.7479	-34.2621	-54.3868
17.0695	-35.3116	19.5351
1.53515	60.2802	-28.0109
5.93592	28.1193	-49.4005
-3.54436	11.9584	56.7816
-6.24246	-20.9584	44.3757
-8.26881	-63.4462	-19.7041
12.6687	42.6215	-34.0189
22.4981	-2.12644	-2.29739
-25.1007	27.1775	-40.8122
15.6705	-58.7624	-10.8824
25.0917	22.1151	17.614
-19.5652	-40.5417	14.0863
16.2319	29.5862	-21.9865
30.6394	-38.1501	53.7799
23.613	19.4154	-30.9865
4.18074	-52.6615	-30.6247
48.2847	23.8153	-51.8111
-49.9262	-17.8786	9.87045
11.9684	21.2127	-27.144
35.3482	-26.9248	-21.7145
-39.7262	61.9749	-63.4073
42.0799	-21.3983	-39.757
-8.02584	58.6416	53.6372
33.7957	25.473	-48.3209
23.7676	-14.7219	35.2864
56.5891	53.2668	46.433
-37.8435	37.7435	6.05629
43.4402	-13.3117	36.4464
38.3918	52.6899	-38.6744
-21.2641	34.2176	-28.2582
6.90428	-2.9118	16.6741
-17.3096	1.60835	57.7218
53.3672	17.4876	27.6292
-45.8221	13.6881	-61.7404
-32.7957	-46.5991	38.7923
-43.9458	-12.8731	-47.572
-50.1439	63.7727	-35.842
1.86454	43.4688	14.5903
-25.9451	17.6047	3.02425
-0.875486	60.5965	-26.5021
34.6104	3.24476	34.3301
-12.9715	50.1911	-27.8056
-18.9938	39.3024	53.4261
-55.1085	57.7363	3.37017
-53.1049	-39.3153	21.0271
49.9433	-19.5172	-55.59
-61.3727	-5.40509	-56.0733
-33.4707	60.2033	51.6516
44.8637	-29.9977	5.00024
-15.8561	33.3828	1.85278
21.3858	4.24917	-59.1584
-8.02806	55.0217	55.2887
28.4223	-27.7161	30.3351
18.1044	-18.5686	23.8154
-42.7814	-7.41757	48.7561
41.9897	-21.7302	-34.5051
50.1437	-19.3589	23.8338
58.3264	11.4264	20.2931
45.722	-7.96597	54.0395
-13.0218	40.4339	23.6783
52.575	-2.43617	-36.3285
57.6726	53.7917	-45.0508
48.7053	17.9581	-8.51095
15.2963	-28.1934	36.6645
-24.6322	-6.71883	-35.0091
-40.1321	-28.4731	7.00467
-10.8932	-42.0733	51.9018
-50.8035	-48.0029	-0.415859
33.2337	61.9751	55.8742
23.5292	-14.7907	32.0522
-17.0485	-26.4716	-34.128
10.8791	-32.5431	-44.5923
29.5722	-48.0938	37.6218
-43.1948	31.4585	-54.3157
57.7257	-57.4296	2.70955
-41.5394	-33.3058	37.9804
29.7213	20.057	59.6511
17.879	32.9975	-52.0958
-46.7928	2.48727	-53.8647
-55.1746	-37.7275	-4.9114
41.1335	9.47999	32.873
-57.2505	-43.897	-63.9261
-38.0989	49.9312	-47.764
63.779	-57.0076	47.4386
-54.7928	-63.5379	54.2649
12.1728	-40.8213	-43.2969
-14.1028	52.644	41.0161
-18.1957	6.779	10.2696
-6.03556	23.7302	-51.4991
3.84371	32.8115	-24.9707
63.1883	9.68907	48.2533
31.8053	16.6945	-59.3876
31.6232	42.8517	54.2876
47.6032	42.3745	61.536
31.2977	51.8378	61.7421
21.3067	-0.245387	-42.8232
42.2658	49.9078	-53.9232
19.0258	-32.0319	16.5998
-34.4486	25.6765	-23.4141
-21.6917	-34.2238	-54.3466
17.0816	-35.2915	19.5985
1.59092	60.2578	-27.9629
5.94734	28.1369	-49.3673
-3.50911	11.9961	56.7513
-6.22908	-20.9621	44.3331
-8.23098	-63.3995	-19.6564
12.6898	42.6104	-34.0045
22.5105	-2.10779	-2.29244
-25.1457	27.1876	-40.872
15.6962	-58.7601	-10.8398
25.0936	22.0655	17.6127
-19.5639	-40.5995	14.1265
16.2171	29.6038	-21.9926
30.5939	-38.1613	53.7475
23.6011	19.3536	-30.9586
4.19017	-52.6214	-30.6141
48.2779	23.8124	-51.7477
-49.9827	-17.9331	9.88847
11.9809	21.1772	-27.1799
35.3649	-26.8706	-21.684
-39.7309	61.967	-63.3624
42.1378	-21.3408	-39.7059
-7.99166	58.6203	53.6419
33.7598	25.4702	-48.2634
23.7633	-14.6728	35.3462
56.5487	53.2614	46.4688
-37.8094	37.7953	6.02526
43.4143	-13.2598	36.4988
38.4396	52.6897	-38.6647
-21.3073	34.1887	-28.2115
6.90331	-2.91645	16.7188
-17.3101	1.58162	57.6809
53.3908	17.5167	27.5831
-45.8089	13.6872	-61.6971
-32.767	-46.6403	38.7567
-43.946	-12.9215	-47.6183
-50.1618	63.7502	-35.7867
1.91686	43.4845	14.6335
-25.9043	17.6042	3.00313
-0.889013	60.6169	-26.4882
34.5796	3.20009	34.2754
-13.0217	50.21	-27.823
-19.0209	39.2808	53.3737
-55.1178	57.792	3.38086
-53.135	-39.295	21.0606
49.9417	-19.561	-55.541
-61.3566	-5.40282	-56.1107
-33.4633	60.1938	51.6938
44.8501	-30.0304	4.97797
-15.8267	33.4006	1.91485
21.3651	4.30005	-59.205
-8.03948	54.9583	55.3249
28.4574	-27.7425	30.2858
18.1512	-18.5403	23.7577
-42.7879	-7.3553	48.7827
41.9527	-21.7336	-34.4584
50.0918	-19.4102	23.8188
58.301	11.4465	20.3327
45.6749	-8.02338	53.9823
-13.0272	40.4699	23.7029
52.5677	-2.48491	-36.317
57.6826	53.7956	-45.0387
48.6876	17.9331	-8.46119
15.2933	-28.2357	36.6785
-24.6289	-6.70361	-34.9968
-40.1662	-28.4309	6.94964
-10.9446	-42.0191	51.8595
-50.8058	-48.0381	-0.374033
33.2069	61.9568	55.9226
23.5093	-14.7504	32.0726
-17.1078	-26.5027	-34.0924
10.8952	-32.5001	-44.6169
29.5365	-48.1325	37.6362
-43.2447	31.4809	-54.2795
57.7538	-57.468	2.69692
-41.563	-33.3142	37.946
29.7067	20.0612	59.6069
17.8861	32.9354	-52.1112
-46.8079	2.46236	-53.8344
-55.2053	-37.7084	-4.9047
41.1872	9.5038	32.9126
-57.2252	-43.9211	-63.9075
-38.1621	49.9354	-47.7199
63.7941	-56.9893	47.4409
-54.8055	-63.5555	54.2929
12.2114	-40.7986	-43.3413
-14.1626	52.5881	41.0398
-18.2357	6.79424	10.2952
-6.02687	23.6663	-51.5624
3.81878	32.781	-24.9508
63.2341	9.64826	48.233
31.8268	16.7431	-59.368
31.5993	42.901	54.2474
47.5594	42.375	61.5781
31.3202	51.8896	61.7026
21.2931	-0.219	-42.776
42.2718	49.9384	-53.8679
18.9917	-31.9773	16.6064
-34.3931	25.6758	-23.4073
-21.6355	-34.1854	-54.3063
17.0937	-35.2713	19.6619
1.64669	60.2353	-27.915
5.95876	28.1545	-49.3341
-3.47386	12.0339	56.7209
-6.21571	-20.9659	44.2905
-8.19313	-63.3528	-19.6086
12.7109	42.5992	-33.9902
22.5229	-2.08913	-2.28749
-25.1907	27.1977	-40.9318
15.7219	-58.7578	-10.7972
25.0955	22.0159	17.6114
-19.5626	-40.6573	14.1667
16.2024	29.6215	-21.9987
30.5483	-38.1724	53.7152
23.5892	19.2919	-30.9307
4.19959	-52.5814	-30.6035
48.271	23.8095	-51.6844
-50.0392	-17.9876	9.90649
11.9933	21.1417	-27.2158
35.3815	-26.8164	-21.6536
-39.7357	61.9592	-63.3176
42.1958	-21.2834	-39.6549
-7.95747	58.599	53.6466
33.7238	25.4673	-48.2058
23.7589	-14.6236	35.406
56.5082	53.256	46.5047
-37.7753	37.8471	5.99422
43.3883	-13.208	36.5512
38.4875	52.6895	-38.655
-21.3504	34.1597	-28.1648
6.90235	-2.92111	16.7635
-17.3106	1.55489	57.64
53.4144	17.5458	27.5369
-45.7957	13.6862	-61.6539
-32.7383	-46.6815	38.7211
-43.9462	-12.97	-47.6646
-50.1796	63.7278	-35.7314
1.96917	43.5001	14.6766
-25.8636	17.6037	2.982
-0.90254	60.6372	-26.4743
34.5487	3.15543	34.2207
-13.0719	50.2288	-27.8405
-19.048	39.2592	53.3214
-55.1271	57.8476	3.39155
-53.165	-39.2747	21.0941
49.9401	-19.6049	-55.4919
-61.3405	-5.40054	-56.1481
-33.456	60.1844	51.7361
44.8366	-30.0631	4.9557
-15.7974	33.4183	1.97692
21.3444	4.35093	-59.2516
-8.0509	54.895	55.3612
28.4925	-27.769	30.2364
18.198	-18.5121	23.7
-42.7945	-7.29304	48.8094
41.9157	-21.7369	-34.4117
50.0398	-19.4614	23.8038
58.2756	11.4666	20.3722
45.6277	-8.0808	53.9251
-13.0326	40.5058	23.7275
52.5604	-2.53364	-36.3055
57.6927	53.7994	-45.0265
48.6699	17.908	-8.41144
15.2903	-28.2779	36.6926
-24.6256	-6.6884	-34.9845
-40.2003	-28.3887	6.8946
-10.996	-41.9648	51.8172
-50.8082	-48.0732	-0.332206
33.1802	61.9385	55.9711
23.4894	-14.7101	32.0929
-17.1672	-26.5337	-34.0568
10.9113	-32.4571	-44.6415
29.5008	-48.1711	37.6506
-43.2946	31.5032	-54.2434
57.7819	-57.5063	2.68429
-41.5866	-33.3226	37.9115
29.692	20.0654	59.5627
17.8932	32.8732	-52.1265
-46.823	2.43746	-53.804
-55.2359	-37.6892	-4.89801
41.2409	9.5276	32.9523
-57.1998	-43.9452	-63.8888
-38.2253	49.9396	-47.6759
63.8093	-56.971	47.4433
-54.8182	-63.5732	54.3209
12.25	-40.7758	-43.3857
-14.2224	52.5322	41.0636
-18.2757	6.80947	10.3208
-6.01818	23.6025	-51.6257
3.79386	32.7505	-24.9309
63.2798	9.60746	48.2127
31.8482	16.7916	-59.3484
31.5754	42.9503	54.2072
47.5155	42.3754	61.6202
31.3427	51.9413	61.6631
21.2796	-0.192611	-42.7288
42.2779	49.969	-53.8125
18.9575	-31.9227	16.6129
-34.3376	25.6752	-23.4006
-21.5793	-34.147	-54.2661
17.1058	-35.2512	19.7253
1.70246	60.2128	-27.8671
5.97018	28.1722	-49.3009
-3.43861	12.0716	56.6906
-6.20234	-20.9697	44.2478
-8.15529	-63.306	-19.5609
12.7319	42.588	-33.9758
22.5353	-2.07048	-2.28254
-25.2357	27.2078	-40.9916
15.7476	-58.7555	-10.7547
25.0975	21.9663	17.6101
-19.5612	-40.7151	14.207
16.1876	29.6391	-22.0049
30.5027	-38.1835	53.6828
23.5773	19.2301	-30.9029
4.20901	-52.5413	-30.5929
48.2642	23.8066	-51.621
-50.0956	-18.0421	9.92452
12.0058	21.1062	-27.2516
35.3982	-26.7622	-21.6231
-39.7405	61.9513	-63.2727
42.2537	-21.2259	-39.6038
-7.92329	58.5777	53.6514
33.6879	25.4644	-48.1482
23.7546	-14.5744	35.4658
56.4677	53.2506	46.5406
-37.7412	37.899	5.96319
43.3624	-13.1561	36.6036
38.5353	52.6893	-38.6452
-21.3936	34.1308	-28.1181
6.90138	-2.92577	16.8081
-17.3111	1.52816	57.5991
53.4379	17.5749	27.4907
-45.7825	13.6853	-61.6106
-32.7096	-46.7227	38.6856
-43.9464	-13.0185	-47.711
-50.1975	63.7055	-35.6762
2.02149	43.5157	14.7197
-25.8229	17.6032	2.96087
-0.916065	60.6575	-26.4604
34.5179	3.11076	34.166
-13.1221	50.2476	-27.858
-19.0751	39.2376	53.2691
-55.1364	57.9032	3.40223
-53.195	-39.2544	21.1276
49.9385	-19.6488	-55.4429
-61.3244	-5.39826	-56.1855
-33.4486	60.1749	51.7783
44.8231	-30.0959	4.93343
-15.768	33.436	2.03899
21.3237	4.4018	-59.2982
-8.06232	54.8317	55.3974
28.5276	-27.7954	30.1871
18.2448	-18.4838	23.6423
-42.801	-7.23077	48.836
41.8787	-21.7403	-34.3649
49.9878	-19.5127	23.7889
58.2502	11.4867	20.4118
45.5806	-8.13821	53.868
-13.038	40.5418	23.7521
52.553	-2.58237	-36.294
57.7028	53.8033	-45.0143
48.6523	17.883	-8.36169
15.2873	-28.3202	36.7066
-24.6224	-6.67319	-34.9722
-40.2344	-28.3465	6.83957
-11.0473	-41.9106	51.7749
-50.8105	-48.1083	-0.290378
33.1534	61.9202	56.0195
23.4694	-14.6698	32.1133
-17.2265	-26.5648	-34.0212
10.9275	-32.4141	-44.666
29.4651	-48.2098	37.665
-43.3446	31.5255	-54.2072
57.81	-57.5447	2.67167
-41.6102	-33.3311	37.8771
29.6774	20.0696	59.5185
17.9003	32.8111	-52.1418
-46.8381	2.41255	-53.7736
-55.2666	-37.6701	-4.89132
41.2946	9.5514	32.992
-57.1745	-43.9693	-63.8701
-38.2886	49.9439	-47.6319
63.8246	-56.9528	47.4457
-54.831	-63.5908	54.3489
12.2887	-40.7531	-43.4302
-14.2822	52.4764	41.0874
-18.3157	6.82471	10.3465
-6.0095	23.5386	-51.6889
3.76893	32.72	-24.911
63.3256	9.56666	48.1924
31.8697	16.8401	-59.3287
31.5515	42.9996	54.167
47.4716	42.3758	61.6623
31.3652	51.9931	61.6235
21.2661	-0.16622	-42.6816
42.2839	49.9996	-53.7572
18.9233	-31.8681	16.6195
-34.2822	25.6745	-23.3938
-21.5232	-34.1087	-54.2259
17.1179	-35.231	19.7887
1.75823	60.1903	-27.8192
5.98159	28.1898	-49.2677
-3.40336	12.1094	56.6602
-6.18896	-20.9735	44.2052
-8.11744	-63.2593	-19.5132
12.753	42.5768	-33.9615
22.5477	-2.05182	-2.27758
-25.2807	27.2179	-41.0513
15.7734	-58.7532	-10.7121
25.0994	21.9168	17.6088
-19.5599	-40.7729	14.2472
16.1728	29.6567	-22.011
30.4572	-38.1946	53.6504
23.5653	19.1683	-30.875
4.21842	-52.5013	-30.5824
48.2574	23.8037	-51.5576
-50.1521	-18.0966	9.94254
12.0182	21.0707	-27.2875
35.4149	-26.708	-21.5927
-39.7452	61.9434	-63.2278
42.3116	-21.1684	-39.5527
-7.88911	58.5564	53.6561
33.652	25.4615	-48.0906
23.7503	-14.5252	35.5256
56.4273	53.2452	46.5764
-37.7071	37.9508	5.93215
43.3364	-13.1042	36.656
38.5832	52.6891	-38.6355
-21.4367	34.1018	-28.0715
6.90042	-2.93043	16.8528
-17.3116	1.50143	57.5583
53.4614	17.6041	27.4445
-45.7693	13.6843	-61.5673
-32.6809	-46.7639	38.65
-43.9466	-13.067	-47.7573
-50.2153	63.6831	-35.6209
2.07381	43.5313	14.7628
-25.7822	17.6027	2.93974
-0.92959	60.6779	-26.4465
34.4871	3.06609	34.1112
-13.1723	50.2665	-27.8754
-19.1022	39.216	53.2167
-55.1457	57.9588	3.41291
-53.225	-39.234	21.1611
49.9369	-19.6926	-55.3939
-61.3083	-5.39598	-56.2229
-33.4412	60.1654	51.8206
44.8096	-30.1286	4.91116
-15.7387	33.4538	2.10106
21.303	4.45267	-59.3447
-8.07374	54.7684	55.4337
28.5627	-27.8218	30.1378
18.2916	-18.4555	23.5846
-42.8075	-7.16851	48.8626
41.8417	-21.7437	-34.3182
49.9358	-19.5639	23.7739
58.2248	11.5068	20.4513
45.5335	-8.19562	53.8108
-13.0434	40.5777	23.7767
52.5457	-2.63111	-36.2825
57.7129	53.8071	-45.0022
48.6346	17.8579	-8.31194
15.2843	-28.3624	36.7207
-24.6191	-6.65799	-34.9598
-40.2685	-28.3043	6.78454
-11.0987	-41.8564	51.7326
-50.8129	-48.1435	-0.248548
33.1266	61.902	56.0679
23.4495	-14.6295	32.1337
-17.2859	-26.5958	-33.9855
10.9436	-32.3711	-44.6906
29.4294	-48.2484	37.6794
-43.3945	31.5479	-54.1711
57.8382	-57.583	2.65905
-41.6338	-33.3395	37.8427
29.6628	20.0738	59.4743
17.9074	32.749	-52.1571
-46.8532	2.38764	-53.7432
-55.2973	-37.6509	-4.88463
41.3483	9.5752	33.0316
-57.1491	-43.9934	-63.8515
-38.3518	49.9481	-47.5879
63.8398	-56.9345	47.448
-54.8437	-63.6085	54.3769
12.3273	-40.7303	-43.4746
-14.342	52.4205	41.1112
-18.3556	6.83996	10.3721
-6.00081	23.4748	-51.7522
3.74401	32.6895	-24.8911
63.3713	9.52586	48.1721
31.8911	16.8886	-59.3091
31.5276	43.0489	54.1269
47.4278	42.3762	61.7044
31.3876	52.0448	61.584
21.2526	-0.139826	-42.6344
42.29	50.0302	-53.7018
18.8891	-31.8135	16.6261
-34.2267	25.6738	-23.3871
-21.467	-34.0703	-54.1857
17.13	-35.2109	19.8521
1.81399	60.1679	-27.7712
5.99301	28.2074	-49.2345
-3.36811	12.1471	56.6299
-6.17559	-20.9772	44.1625
-8.07958	-63.2126	-19.4655
12.774	42.5656	-33.9472
22.5601	-2.03316	-2.27262
-25.3258	27.2281	-41.1111
15.7991	-58.7509	-10.6695
25.1013	21.8672	17.6075
-19.5586	-40.8307	14.2874
16.158	29.6743	-22.0171
30.4116	-38.2057	53.6181
23.5534	19.1066	-30.8472
4.22783	-52.4612	-30.5718
48.2505	23.8009	-51.4942
-50.2086	-18.1511	9.96057
12.0307	21.0352	-27.3234
35.4315	-26.6538	-21.5622
-39.75	61.9356	-63.1829
42.3696	-21.111	-39.5016
-7.85493	58.5351	53.6608
33.6161	25.4586	-48.033
23.746	-14.476	35.5854
56.3868	53.2398	46.6123
-37.673	38.0026	5.90112
43.3105	-13.0524	36.7084
38.631	52.6889	-38.6258
-21.4799	34.0728	-28.0248
6.89945	-2.93509	16.8975
-17.3121	1.4747	57.5174
53.485	17.6332	27.3984
-45.7562	13.6834	-61.5241
-32.6522	-46.8051	38.6144
-43.9468	-13.1155	-47.8036
-50.2331	63.6607	-35.5657
2.12613	43.5469	14.8059
-25.7415	17.6022	2.91862
-0.943112	60.6982	-26.4326
34.4562	3.02142	34.0565
-13.2225	50.2853	-27.8929
-19.1293	39.1944	53.1644
-55.155	58.0145	3.4236
-53.255	-39.2137	21.1946
49.9353	-19.7365	-55.3449
-61.2922	-5.3937	-56.2603
-33.4338	60.1559	51.8628
44.7961	-30.1613	4.88889
-15.7093	33.4715	2.16313
21.2823	4.50355	-59.3913
-8.08516	54.7051	55.4699
28.5978	-27.8483	30.0884
18.3384	-18.4272	23.527
-42.8141	-7.10624	48.8893
41.8046	-21.747	-34.2715
49.8838	-19.6151	23.7589
58.1994	11.5269	20.4908
45.4863	-8.25302	53.7536
-13.0488	40.6137	23.8013
52.5384	-2.67985	-36.271
57.7229	53.8109	-44.99
48.617	17.8329	-8.26218
15.2813	-28.4047	36.7347
-24.6158	-6.64278	-34.9475
-40.3026	-28.262	6.72951
-11.15	-41.8021	51.6903
-50.8152	-48.1786	-0.206717
33.0998	61.8837	56.1163
23.4296	-14.5892	32.1541
-17.3452	-26.6268	-33.9499
10.9598	-32.3281	-44.7152
29.3937	-48.287	37.6938
-43.4444	31.5702	-54.1349
57.8663	-57.6214	2.64643
-41.6574	-33.3479	37.8082
29.6482	20.0779	59.4302
17.9145	32.6868	-52.1725
-46.8683	2.36274	-53.7129
-55.3279	-37.6318	-4.87794
41.402	9.599	33.0713
-57.1237	-44.0175	-63.8328
-38.415	49.9523	-47.5439
63.855	-56.9162	47.4504
-54.8565	-63.6261	54.4048
12.3659	-40.7076	-43.519
-14.4017	52.3647	41.1349
-18.3956	6.8552	10.3977
-5.99212	23.4109	-51.8155
3.71909	32.659	-24.8712
63.4171	9.48507	48.1517
31.9126	16.9372	-59.2894
31.5037	43.0982	54.0867
47.3839	42.3766	61.7465
31.4101	52.0966	61.5445
21.2391	-0.11343	-42.5872
42.2961	50.0608	-53.6465
18.855	-31.7589	16.6327
-34.1712	25.6731	-23.3803
-21.4108	-34.0319	-54.1455
17.1421	-35.1907	19.9155
1.86976	60.1454	-27.7233
6.00443	28.225	-49.2013
-3.33286	12.1849	56.5995
-6.16221	-20.981	44.1199
-8.04173	-63.1659	-19.4178
12.7951	42.5544	-33.9328
22.5725	-2.0145	-2.26766
-25.3708	27.2382	-41.1709
15.8248	-58.7486	-10.627
25.1032	21.8176	17.6063
-19.5573	-40.8885	14.3276
16.1432	29.692	-22.0233
30.366	-38.2168	53.5857
23.5415	19.0448	-30.8193
4.23723	-52.4212	-30.5612
48.2437	23.798	-51.4309
-50.2651	-18.2056	9.97859
12.0432	20.9996	-27.3592
35.4482	-26.5996	-21.5318
-39.7548	61.9277	-63.1381
42.4275	-21.0535	-39.4506
-7.82076	58.5138	53.6655
33.5802	25.4558	-47.9754
23.7417	-14.4269	35.6451
56.3464	53.2344	46.6482
-37.6389	38.0544	5.87009
43.2845	-13.0005	36.7608
38.6789	52.6887	-38.6161
-21.523	34.0439	-27.9781
6.89849	-2.93975	16.9422
-17.3126	1.44797	57.4765
53.5085	17.6623	27.3522
-45.743	13.6824	-61.4808
-32.6236	-46.8463	38.5788
-43.947	-13.164	-47.8499
-50.2509	63.6384	-35.5105
2.17844	43.5626	14.8491
-25.7007	17.6017	2.89749
-0.956633	60.7186	-26.4187
34.4254	2.97675	34.0018
-13.2727	50.3041	-27.9104
-19.1564	39.1728	53.1121
-55.1642	58.0701	3.43428
-53.285	-39.1934	21.2281
49.9338	-19.7804	-55.2959
-61.2761	-5.39141	-56.2977
-33.4265	60.1464	51.9051
44.7826	-30.1941	4.86662
-15.68	33.4892	2.2252
21.2615	4.55442	-59.4378
-8.09657	54.6418	55.5062
28.6329	-27.8747	30.0391
18.3851	-18.3989	23.4693
-42.8206	-7.04397	48.9159
41.7676	-21.7504	-34.2247
49.8318	-19.6664	23.7439
58.174	11.547	20.5304
45.4392	-8.31043	53.6965
-13.0542	40.6496	23.8259
52.531	-2.72859	-36.2594
57.733	53.8148	-44.9778
48.5993	17.8078	-8.21242
15.2783	-28.4469	36.7488
-24.6125	-6.62758	-34.9352
-40.3366	-28.2198	6.67449
-11.2014	-41.7479	51.6481
-50.8176	-48.2138	-0.164884
33.073	61.8654	56.1648
23.4096	-14.5489	32.1745
-17.4046	-26.6579	-33.9143
10.976	-32.2851	-44.7397
29.358	-48.3257	37.7082
-43.4944	31.5926	-54.0988
57.8944	-57.6597	2.63382
-41.681	-33.3563	37.7738
29.6336	20.0821	59.386
17.9216	32.6247	-52.1878
-46.8835	2.33783	-53.6825
-55.3586	-37.6127	-4.87125
41.4557	9.6228	33.111
-57.0984	-44.0416	-63.8142
-38.4782	49.9565	-47.4999
63.8703	-56.898	47.4527
-54.8692	-63.6438	54.4328
12.4046	-40.6848	-43.5634
-14.4615	52.3088	41.1587
-18.4356	6.87045	10.4233
-5.98343	23.3471	-51.8788
3.69417	32.6285	-24.8514
63.4628	9.44427	48.1314
31.934	16.9857	-59.2698
31.4798	43.1475	54.0465
47.34	42.377	61.7887
31.4326	52.1483	61.505
21.2256	-0.0870318	-42.5399
42.3021	50.0914	-53.5911
18.8208	-31.7043	16.6393
-34.1157	25.6725	-23.3736
-21.3546	-33.9935	-54.1052
17.1542	-35.1706	19.9789
1.92552	60.1229	-27.6754
6.01585	28.2427	-49.1681
-3.2976	12.2226	56.5692
-6.14883	-20.9848	44.0773
-8.00387	-63.1192	-19.37
12.8162	42.5432	-33.9185
22.5849	-1.99584	-2.26269
-25.4158	27.2483	-41.2307
15.8506	-58.7463	-10.5844
25.1051	21.768	17.605
-19.556	-40.9463	14.3678
16.1284	29.7096	-22.0294
30.3205	-38.2279	53.5533
23.5296	18.983	-30.7915
4.24662	-52.3812	-30.5507
48.2369	23.7951	-51.3675
-50.3216	-18.2601	9.99662
12.0556	20.9641	-27.3951
35.4648	-26.5454	-21.5014
-39.7596	61.9199	-63.0932
42.4854	-20.996	-39.3995
-7.78659	58.4925	53.6703
33.5442	25.4529	-47.9178
23.7374	-14.3777	35.7049
56.3059	53.229	46.684
-37.6048	38.1062	5.83906
43.2585	-12.9486	36.8132
38.7268	52.6885	-38.6064
-21.5662	34.0149	-27.9314
6.89753	-2.94441	16.9868
-17.313	1.42124	57.4356
53.5321	17.6915	27.306
-45.7298	13.6815	-61.4375
-32.5949	-46.8875	38.5433
-43.9472	-13.2125	-47.8962
-50.2687	63.6162	-35.4553
2.23076	43.5782	14.8922
-25.66	17.6012	2.87637
-0.970153	60.7389	-26.4047
34.3946	2.93208	33.947
-13.3229	50.323	-27.9278
-19.1835	39.1512	53.0597
-55.1735	58.1257	3.44496
-53.315	-39.173	21.2616
49.9322	-19.8243	-55.2469
-61.26	-5.38913	-56.335
-33.4191	60.1369	51.9473
44.7691	-30.2268	4.84435
-15.6507	33.507	2.28726
21.2408	4.60529	-59.4844
-8.10798	54.5786	55.5424
28.668	-27.9012	29.9897
18.4319	-18.3706	23.4116
-42.8272	-6.9817	48.9425
41.7306	-21.7537	-34.178
49.7798	-19.7176	23.729
58.1486	11.5671	20.5699
45.3921	-8.36783	53.6393
-13.0596	40.6855	23.8505
52.5237	-2.77734	-36.2479
57.7431	53.8186	-44.9656
48.5817	17.7828	-8.16266
15.2752	-28.4892	36.7629
-24.6092	-6.61238	-34.9229
-40.3707	-28.1776	6.61946
-11.2527	-41.6936	51.6058
-50.82	-48.2489	-0.12305
33.0462	61.8471	56.2132
23.3897	-14.5086	32.1949
-17.4639	-26.6889	-33.8786
10.9921	-32.2421	-44.7643
29.3223	-48.3643	37.7226
-43.5443	31.6149	-54.0626
57.9225	-57.698	2.62121
-41.7046	-33.3648	37.7394
29.619	20.0863	59.3418
17.9287	32.5626	-52.2031
-46.8986	2.31291	-53.6521
-55.3892	-37.5935	-4.86457
41.5094	9.64661	33.1506
-57.073	-44.0657	-63.7956
-38.5415	49.9608	-47.4559
63.8856	-56.8798	47.4551
-54.882	-63.6615	54.4608
12.4432	-40.6621	-43.6078
-14.5213	52.2529	41.1825
-18.4755	6.8857	10.449
-5.97474	23.2833	-51.942
3.66926	32.598	-24.8315
63.5086	9.40347	48.1111
31.9555	17.0343	-59.2502
31.456	43.1968	54.0063
47.2962	42.3774	61.8308
31.455	52.2	61.4655
21.212	-0.0606314	-42.4927
42.3082	50.1219	-53.5358
18.7866	-31.6497	16.6459
-34.0602	25.6718	-23.3668
-21.2984	-33.9551	-54.065
17.1662	-35.1504	20.0423
1.98129	60.1004	-27.6275
6.02727	28.2603	-49.1349
-3.26234	12.2604	56.5389
-6.13545	-20.9886	44.0346
-7.96601	-63.0724	-19.3223
12.8372	42.532	-33.9042
22.5974	-1.97718	-2.25772
-25.4608	27.2584	-41.2905
15.8763	-58.7439	-10.5419
25.107	21.7184	17.6037
-19.5547	-41.0041	14.408
16.1137	29.7272	-22.0355
30.2749	-38.239	53.521
23.5177	18.9212	-30.7637
4.25601	-52.3411	-30.5401
48.23	23.7922	-51.3041
-50.3781	-18.3146	10.0146
12.0681	20.9286	-27.4309
35.4815	-26.4912	-21.4709
-39.7643	61.912	-63.0483
42.5434	-20.9385	-39.3484
-7.75242	58.4712	53.675
33.5083	25.45	-47.8602
23.7331	-14.3285	35.7647
56.2654	53.2235	46.7199
-37.5707	38.1581	5.80803
